0.000001999999995
0.000001999999995
0.000001999999995
0.000001999999995
0.000001999999995
0.000001999999995
0.000001999999995
0.000001999999995
0.000001999999995
0.000001999999995
0.000001999999995
0.000001999999995
0.000001999999995
0.000001999999995
0.000001999999995
0.000001999999995
0.000001999999995
0.000001999999995
0.000001999999995
0.000001999999995
0.000001999999995
0.000001999999995
0.000001999999995
0.000001999999995
0.000001999999995
0.000001999999995
0.000001999999995
0.000001999999995
0.000000000000000
0.000000000000000
0.000007999999980
0.000012999999853
0.000012999999853
0.000020999999833
0.000024999999368
0.000024999999368
0.000034000000596
0.000037999998312
0.000037999998312
0.000041999999667
0.000046000001021
0.000049999998737
0.000049999998737
0.000055000000430
0.000059000001784
0.000059000001784
0.000062999999500
0.000071000002208
0.000071000002208
0.000075999996625
0.000079999997979
0.000083999999333
0.000083999999333
0.000089000001026
0.000093000002380
0.000101999998151
0.000101999998151
0.000111000001198
0.000111000001198
0.000116000002890
0.000120999997307
0.000125999999000
0.000130999993416
0.000130999993416
0.000136999995448
0.000142000004416
0.000148000006448
0.000153999993927
0.000159999995958
0.000159999995958
0.000165999997989
0.000178999995114
0.000178999995114
0.000186000004760
0.000192999999854
0.000192999999854
0.000199999994948
0.000207999997656
0.000222999995458
0.000222999995458
0.000222999995458
0.000230000005104
0.000237999993260
0.000246000010520
0.000246000010520
0.000261999986833
0.000269999989541
0.000277999992250
0.000277999992250
0.000285999994958
0.000295000005281
0.000295000005281
0.000311999989208
0.000320999999531
0.000320999999531
0.000329000002239
0.000338000012562
0.000338000012562
0.000346999993781
0.000356000004103
0.000365000014426
0.000375000003260
0.000375000003260
0.000384000013582
0.000403000012739
0.000403000012739
0.000403000012739
0.000413000001572
0.000422999990406
0.000422999990406
0.000433000008343
0.000444000004791
0.000464999990072
0.000464999990072
0.000475000008009
0.000497000000905
0.000497000000905
0.000508000026457
0.000520000001416
0.000531999976374
0.000531999976374
0.000543000001926
0.000554999976885
0.000568000017665
0.000579999992624
0.000579999992624
0.000592999975197
0.000605000008363
0.000618999998551
0.000618999998551
0.000631999981124
0.000645000021905
0.000659000012092
0.000673000002280
0.000686999992467
0.000686999992467
0.000701999990270
0.000715999980457
0.000730999978259
0.000730999978259
0.000746999983676
0.000761999981478
0.000777999986894
0.000777999986894
0.000793999992311
0.000826000003144
0.000826000003144
0.000843000016175
0.000859999970999
0.000876999984030
0.000876999984030
0.000912000017706
0.000929999980144
0.000929999980144
0.000948000000790
0.000966000021435
0.000985000049695
0.000985000049695
0.001022999989800
0.001043000025675
0.001062999945134
0.001062999945134
0.001082999981008
0.001103000016883
0.001103000016883
0.001123000052758
0.001143999979831
0.001165000023320
0.001186999958009
0.001208000001498
0.001230000052601
0.001230000052601
0.001251999987289
0.001251999987289
0.001275000046007
0.001297999988310
0.001343999989331
0.001343999989331
0.001368000055663
0.001392000005580
0.001416999963112
0.001441000029445
0.001465999986976
0.001465999986976
0.001491999952123
0.001543999998830
0.001543999998830
0.001569999963976
0.001625000033528
0.001625000033528
0.001652000006288
0.001708999974653
0.001737999962643
0.001766999950632
0.001796000055037
0.001826000050642
0.001856000046246
0.001856000046246
0.001887000049464
0.001918000052683
0.001918000052683
0.001980999950320
0.001980999950320
0.002013999968767
0.002045999979600
0.002078999998048
0.002112000016496
0.002180000068620
0.002180000068620
0.002180000068620
0.002214000094682
0.002248999895528
0.002248999895528
0.002284999936819
0.002284999936819
0.002356000011787
0.002356000011787
0.002430000109598
0.002466999925673
0.002466999925673
0.002504999982193
0.002544000046328
0.002583000110462
0.002662000013515
0.002662000013515
0.002662000013515
0.002742999931797
0.002742999931797
0.002785000018775
0.002785000018775
0.002826000098139
0.002868999959901
0.002912000054494
0.002955999923870
0.003043999895453
0.003043999895453
0.003089000005275
0.003089000005275
0.003134999889880
0.003227999899536
0.003227999899536
0.003276000032201
0.003372000064701
0.003372000064701
0.003421999979764
0.003470999887213
0.003522000042722
0.003522000042722
0.003572999965400
0.003623999888077
0.003676000051200
0.003728999989107
0.003728999989107
0.003836000105366
0.003891000058502
0.003945999778807
0.004000999964774
0.004000999964774
0.004058000165969
0.004114000126719
0.004172000102699
0.004230000078678
0.004288000054657
0.004348000045866
0.004406999796629
0.004406999796629
0.004468000028282
0.004590000025928
0.004590000025928
0.004652999807149
0.004652999807149
0.004778999835253
0.004842999856919
0.004908000119030
0.004972999915481
0.004972999915481
0.004972999915481
0.005038999952376
0.005106000229716
0.005106000229716
0.005173999816179
0.005311000160873
0.005379999987781
0.005450000055134
0.005450000055134
0.005520999897271
0.005592999979854
0.005665999837220
0.005665999837220
0.005812999792397
0.005888000130653
0.005963000003248
0.005963000003248
0.006116000004113
0.006116000004113
0.006116000004113
0.006194000132382
0.006273000035435
0.006351999938488
0.006351999938488
0.006513999775052
0.006678000092506
0.006678000092506
0.006761999800801
0.006932000163943
0.006932000163943
0.007017999887466
0.007104999851435
0.007193000055850
0.007280999794602
0.007280999794602
0.007371000014246
0.007460999768227
0.007460999768227
0.007553000003099
0.007644999772310
0.007644999772310
0.007830999791622
0.007926000282168
0.007926000282168
0.008117999881506
0.008214999921620
0.008214999921620
0.008313000202179
0.008511999621987
0.008511999621987
0.008612000383437
0.008713999763131
0.008816000074148
0.008919999934733
0.008919999934733
0.009023999795318
0.009023999795318
0.009128999896348
0.009235000237823
0.009235000237823
0.009340999647975
0.009448999539018
0.009448999539018
0.009557999670506
0.009778000414371
0.009778000414371
0.009889000095427
0.010115000419319
0.010115000419319
0.010228999890387
0.010343999601901
0.010459999553859
0.010459999553859
0.010695000179112
0.010695000179112
0.010813999921083
0.010933999903500
0.011055000126362
0.011176999658346
0.011300000362098
0.011300000362098
0.011424000374973
0.011548999696970
0.011548999696970
0.011675000190735
0.011801999993622
0.011801999993622
0.011930000036955
0.012188999913633
0.012188999913633
0.012319999746978
0.012451999820769
0.012451999820769
0.012718999758363
0.012853999622166
0.012853999622166
0.013127000071108
0.013265999965370
0.013265999965370
0.013544999994338
0.013686000369489
0.013686000369489
0.013972000218928
0.013972000218928
0.014116000384092
0.014260999858379
0.014260999858379
0.014554999768734
0.014702999964356
0.014702999964356
0.014852999709547
0.015003000386059
0.015154999680817
0.015306999906898
0.015460999682546
0.015615999698639
0.015615999698639
0.015929000452161
0.016086999326944
0.016246000304818
0.016246000304818
0.016405999660492
0.016567999497056
0.016893999651074
0.016893999651074
0.017224999144673
0.017224999144673
0.017224999144673
0.017560999840498
0.017730999737978
0.017900999635458
0.017900999635458
0.018073000013828
0.018073000013828
0.018246000632644
0.018419999629259
0.018595000728965
0.018595000728965
0.018947999924421
0.019306000322104
0.019306000322104
0.019486000761390
0.019666999578476
0.019666999578476
0.019849000498652
0.020216999575496
0.020216999575496
0.020587999373674
0.020775999873877
0.020775999873877
0.020964000374079
0.020964000374079
0.021153999492526
0.021344000473619
0.021344000473619
0.021727999672294
0.021921999752522
0.022115999832749
0.022115999832749
0.022508999332786
0.022707000374794
0.022707000374794
0.023105999454856
0.023105999454856
0.023307999596000
0.023713000118732
0.023713000118732
0.023713000118732
0.024124000221491
0.024330999702215
0.024330999702215
0.024537999182940
0.024746999144554
0.024956999346614
0.025167999789119
0.025167999789119
0.025380000472069
0.025593999773264
0.025807999074459
0.025807999074459
0.026239000260830
0.026457000523806
0.026457000523806
0.026893999427557
0.027115000411868
0.027115000411868
0.027335999533534
0.027558999136090
0.027558999136090
0.028007000684738
0.028007000684738
0.028232000768185
0.028686000034213
0.028686000034213
0.028914999216795
0.029145000502467
0.029145000502467
0.029606999829412
0.029839999973774
0.029839999973774
0.030308999121189
0.030544999986887
0.030544999986887
0.030781999230385
0.031259000301361
0.031259000301361
0.031498998403549
0.031982000917196
0.031982000917196
0.032223999500275
0.032467998564243
0.032712999731302
0.032958999276161
0.032958999276161
0.033452998846769
0.033700998872519
0.033700998872519
0.033950001001358
0.034200001507998
0.034451000392437
0.034451000392437
0.034701999276876
0.035208001732826
0.035461999475956
0.035716999322176
0.035716999322176
0.035973001271486
0.036486998200417
0.036745999008417
0.036745999008417
0.037004999816418
0.037264000624418
0.037264000624418
0.037524998188019
0.037787001580000
0.037787001580000
0.038049001246691
0.038311999291182
0.038311999291182
0.038575999438763
0.039106000214815
0.039106000214815
0.039372999221087
0.039907999336720
0.039907999336720
0.040176000446081
0.040715999901295
0.040715999901295
0.040986999869347
0.041257999837399
0.041257999837399
0.041804000735283
0.041804000735283
0.042351998388767
0.042628001421690
0.042904000729322
0.042904000729322
0.043180998414755
0.043735999614000
0.043735999614000
0.044015001505613
0.044293999671936
0.044293999671936
0.044854998588562
0.044854998588562
0.044854998588562
0.045419000089169
0.045701000839472
0.045701000839472
0.045701000839472
0.045983999967575
0.046268001198769
0.046268001198769
0.046551998704672
0.047122001647949
0.047122001647949
0.047407999634743
0.047981001436710
0.047981001436710
0.048268001526594
0.048555999994278
0.048555999994278
0.049132999032736
0.049421999603510
0.049711000174284
0.049711000174284
0.050000999122858
0.050292000174522
0.050583001226187
0.050873998552561
0.050873998552561
0.051166001707315
0.051458001136780
0.051458001136780
0.052042998373508
0.052336998283863
0.052336998283863
0.052925001829863
0.053219001740217
0.053219001740217
0.053514000028372
0.053514000028372
0.053808998316526
0.053808998316526
0.054400999099016
0.054400999099016
0.054696999490261
0.055289998650551
0.055289998650551
0.055587001144886
0.055883999913931
0.055883999913931
0.056478999555111
0.056775998324156
0.056775998324156
0.057073999196291
0.057372000068426
0.057372000068426
0.057968001812696
0.058265998959541
0.058265998959541
0.058563999831676
0.058862999081612
0.059160999953747
0.059160999953747
0.059459999203682
0.059758000075817
0.059758000075817
0.060355998575687
0.060655001550913
0.060655001550913
0.060954000800848
0.061253000050783
0.061551999300718
0.061850998550653
0.062150999903679
0.062449999153614
0.062449999153614
0.062749996781349
0.063349001109600
0.063648000359535
0.063648000359535
0.063947997987270
0.063947997987270
0.064547002315521
0.064846001565456
0.065145999193192
0.065444998443127
0.065745003521442
0.065745003521442
0.066044002771378
0.066343002021313
0.066343002021313
0.066642001271248
0.066941000521183
0.067239999771118
0.067239999771118
0.067836999893188
0.068135000765324
0.068135000765324
0.068433001637459
0.068731002509594
0.068731002509594
0.069325998425484
0.069623000919819
0.069623000919819
0.069920003414154
0.070511996746063
0.070511996746063
0.070808000862598
0.071102999150753
0.071102999150753
0.071397997438908
0.071693003177643
0.071693003177643
0.072281002998352
0.072866998612881
0.072866998612881
0.073160000145435
0.073452003300190
0.073452003300190
0.074033997952938
0.074325002729893
0.074325002729893
0.074905000627041
0.075194001197815
0.075194001197815
0.075772002339363
0.076059997081757
0.076059997081757
0.076347999274731
0.076921999454498
0.077209003269672
0.077209003269672
0.077495001256466
0.078065998852253
0.078350000083447
0.078634999692440
0.078634999692440
0.078918002545834
0.079201996326447
0.079201996326447
0.079484000802040
0.079767003655434
0.080048002302647
0.080329000949860
0.080889001488686
0.081168003380299
0.081168003380299
0.081724002957344
0.082001000642776
0.082001000642776
0.082552000880241
0.082552000880241
0.082827001810074
0.083100996911526
0.083100996911526
0.083645999431610
0.083917997777462
0.083917997777462
0.084188997745514
0.084188997745514
0.084729000926018
0.084997996687889
0.084997996687889
0.085533000528812
0.085799999535084
0.085799999535084
0.086066000163555
0.086594998836517
0.086594998836517
0.086859002709389
0.087122000753880
0.087122000753880
0.087384998798370
0.087646000087261
0.087646000087261
0.087907001376152
0.088166996836662
0.088166996836662
0.088426001369953
0.088941998779774
0.088941998779774
0.089198999106884
0.089455001056194
0.089455001056194
0.089964002370834
0.090217001736164
0.090217001736164
0.090469002723694
0.090469002723694
0.090469002723694
0.090719997882843
0.091219000518322
0.091219000518322
0.091467000544071
0.091715000569820
0.091715000569820
0.091960996389389
0.092450000345707
0.092693999409676
0.092936001718044
0.092936001718044
0.093176998198032
0.093418002128601
0.093418002128601
0.093895003199577
0.093895003199577
0.094132997095585
0.094604998826981
0.094604998826981
0.094838999211788
0.095305003225803
0.095305003225803
0.095536999404430
0.095996998250484
0.095996998250484
0.096225999295712
0.096225999295712
0.096454001963139
0.096680000424385
0.096680000424385
0.096905998885632
0.096905998885632
0.097355000674725
0.097577996551991
0.097577996551991
0.097800001502037
0.098241001367569
0.098241001367569
0.098459996283054
0.098894998431206
0.098894998431206
0.099110998213291
0.099110998213291
0.099540002644062
0.099752999842167
0.099752999842167
0.100175000727177
0.100175000727177
0.100175000727177
0.100385002791882
0.100801996886730
0.100801996886730
0.101007997989655
0.101007997989655
0.101418003439903
0.101621001958847
0.101621001958847
0.102023996412754
0.102223999798298
0.102421998977661
0.102619998157024
0.102816000580788
0.103010997176170
0.103010997176170
0.103205002844334
0.103398002684116
0.103589996695518
0.103589996695518
0.103969998657703
0.104157999157906
0.104345999658108
0.104345999658108
0.104532003402710
0.104901000857353
0.104901000857353
0.105084002017975
0.105265997350216
0.105265997350216
0.105627000331879
0.105806000530720
0.105806000530720
0.105984002351761
0.106159999966621
0.106335997581482
0.106335997581482
0.106510996818542
0.106683999300003
0.106683999300003
0.107028000056744
0.107197999954224
0.107197999954224
0.107367001473904
0.107534997165203
0.107868000864983
0.107868000864983
0.108033001422882
0.108197003602982
0.108197003602982
0.108359001576900
0.108520999550819
0.108681000769138
0.108841001987457
0.108998998999596
0.109155997633934
0.109155997633934
0.109311997890472
0.109466999769211
0.109621003270149
0.109774000942707
0.109774000942707
0.109926000237465
0.110227003693581
0.110227003693581
0.110375002026558
0.110670000314713
0.110670000314713
0.110815003514290
0.110959999263287
0.110959999263287
0.111102998256683
0.111386999487877
0.111386999487877
0.111528001725674
0.111528001725674
0.111666999757290
0.111942999064922
0.111942999064922
0.112079001963139
0.112347997725010
0.112347997725010
0.112481996417046
0.112613998353481
0.112613998353481
0.112874999642372
0.113003998994827
0.113003998994827
0.113260000944138
0.113385997712612
0.113511003553867
0.113635003566742
0.113635003566742
0.113757997751236
0.114000998437405
0.114000998437405
0.114122003316879
0.114122003316879
0.114358998835087
0.114476002752781
0.114592999219894
0.114707998931408
0.114707998931408
0.114822000265121
0.115047998726368
0.115047998726368
0.115271002054214
0.115379996597767
0.115379996597767
0.115488998591900
0.115597002208233
0.115703999996185
0.115809999406338
0.115809999406338
0.115915000438690
0.115915000438690
0.116020001471043
0.116226002573967
0.116327002644539
0.116428002715111
0.116428002715111
0.116527996957302
0.116627000272274
0.116724997758865
0.116724997758865
0.116919003427029
0.117014996707439
0.117204003036022
0.117204003036022
0.117297001183033
0.117389000952244
0.117481000721455
0.117481000721455
0.117570996284485
0.117660999298096
0.117749996483326
0.117749996483326
0.117925003170967
0.118010997772217
0.118010997772217
0.118096999824047
0.118265002965927
0.118265002965927
0.118348002433777
0.118430003523827
0.118430003523827
0.118510998785496
0.118510998785496
0.118591003119946
0.118670001626015
0.118670001626015
0.118749000132084
0.118827000260353
0.118904002010822
0.118904002010822
0.119056001305580
0.119130998849869
0.119130998849869
0.119278997182846
0.119350999593735
0.119350999593735
0.119424000382423
0.119494996964931
0.119494996964931
0.119635999202728
0.119705997407436
0.119705997407436
0.119842998683453
0.119911000132561
0.119978003203869
0.120044000446796
0.120044000446796
0.120109997689724
0.120238997042179
0.120238997042179
0.120302997529507
0.120365999639034
0.120365999639034
0.120489999651909
0.120549999177456
0.120609998703003
0.120609998703003
0.120728000998497
0.120785996317863
0.120785996317863
0.120843000710011
0.120956003665924
0.120956003665924
0.121010996401310
0.121010996401310
0.121064998209476
0.121119000017643
0.121172003448009
0.121224999427795
0.121276997029781
0.121276997029781
0.121328003704548
0.121379002928734
0.121379002928734
0.121428996324539
0.121527999639511
0.121527999639511
0.121577002108097
0.121577002108097
0.121624998748302
0.121673002839088
0.121673002839088
0.121766999363899
0.121812999248505
0.121812999248505
0.121904000639915
0.121949002146721
0.121992997825146
0.122037000954151
0.122037000954151
0.122079998254776
0.122166000306606
0.122166000306606
0.122248999774456
0.122248999774456
0.122290000319481
0.122371003031731
0.122371003031731
0.122410997748375
